FILE:      .\data\P1\TC4.txt
READ:      12624
DISCARDED: 0
COUNT:     12624
MEAN:      148.9995247148289
MEDIAN:    148.0
MODE:      [136]
SD:        130.4203060511055
VAR:       17009.456230464028
